function phasemap=phase1024(npx)

phasemap = [...
1 1 1
1 0.99951 0.99951
0.99988 0.99708 0.99705
0.99884 0.99466 0.9946
0.9978 0.99225 0.99216
0.99676 0.98986 0.98971
0.99571 0.98748 0.98727
0.99467 0.98512 0.98483
0.99363 0.98277 0.9824
0.99259 0.98044 0.97997
0.99155 0.97812 0.97754
0.99051 0.97582 0.97511
0.98947 0.97353 0.97269
0.98843 0.97125 0.97027
0.98739 0.96899 0.96785
0.98634 0.96675 0.96544
0.9853 0.96451 0.96303
0.98426 0.9623 0.96062
0.98322 0.96009 0.95821
0.98218 0.9579 0.95581
0.98114 0.95573 0.95341
0.9801 0.95357 0.95101
0.97906 0.95142 0.94862
0.97801 0.94928 0.94623
0.97697 0.94716 0.94384
0.97593 0.94506 0.94146
0.97489 0.94297 0.93907
0.97385 0.94089 0.93669
0.97281 0.93882 0.93432
0.97177 0.93677 0.93195
0.97073 0.93474 0.92958
0.96969 0.93271 0.92721
0.96864 0.9307 0.92484
0.9676 0.92871 0.92248
0.96656 0.92672 0.92013
0.96552 0.92475 0.91777
0.96448 0.9228 0.91542
0.96344 0.92086 0.91307
0.9624 0.91893 0.91072
0.96136 0.91701 0.90838
0.96032 0.91511 0.90604
0.95927 0.91322 0.9037
0.95823 0.91135 0.90136
0.95719 0.90948 0.89903
0.95615 0.90764 0.8967
0.95511 0.9058 0.89438
0.95407 0.90398 0.89206
0.95303 0.90217 0.88974
0.95199 0.90037 0.88742
0.95095 0.89859 0.8851
0.9499 0.89682 0.88279
0.94886 0.89506 0.88049
0.94782 0.89331 0.87818
0.94678 0.89158 0.87588
0.94574 0.88986 0.87358
0.9447 0.88816 0.87128
0.94366 0.88646 0.86899
0.94262 0.88478 0.8667
0.94158 0.88311 0.86441
0.94053 0.88146 0.86213
0.93949 0.87982 0.85984
0.93845 0.87819 0.85757
0.93741 0.87657 0.85529
0.93637 0.87496 0.85302
0.93533 0.87337 0.85075
0.93429 0.87179 0.84848
0.93325 0.87022 0.84622
0.93221 0.86866 0.84396
0.93116 0.86712 0.8417
0.93012 0.86559 0.83944
0.92908 0.86407 0.83719
0.92804 0.86256 0.83494
0.927 0.86107 0.83269
0.92596 0.85959 0.83045
0.92492 0.85812 0.82821
0.92388 0.85666 0.82597
0.92284 0.85521 0.82374
0.92179 0.85378 0.82151
0.92075 0.85236 0.81928
0.91971 0.85095 0.81705
0.91867 0.84955 0.81483
0.91763 0.84816 0.81261
0.91659 0.84678 0.81039
0.91555 0.84542 0.80818
0.91451 0.84407 0.80597
0.91347 0.84273 0.80376
0.91242 0.8414 0.80156
0.91138 0.84008 0.79936
0.91034 0.83878 0.79716
0.9093 0.83749 0.79496
0.90826 0.8362 0.79277
0.90722 0.83493 0.79058
0.90618 0.83367 0.78839
0.90514 0.83243 0.7862
0.9041 0.83119 0.78402
0.90305 0.82997 0.78184
0.90201 0.82875 0.77967
0.90097 0.82755 0.7775
0.89993 0.82636 0.77533
0.89889 0.82518 0.77316
0.89785 0.82401 0.771
0.89681 0.82285 0.76884
0.89577 0.8217 0.76668
0.89472 0.82057 0.76452
0.89368 0.81944 0.76237
0.89264 0.81833 0.76022
0.8916 0.81722 0.75808
0.89056 0.81613 0.75593
0.88952 0.81505 0.75379
0.88848 0.81398 0.75166
0.88744 0.81292 0.74952
0.8864 0.81187 0.74739
0.88535 0.81083 0.74526
0.88431 0.8098 0.74314
0.88338 0.80811 0.74078
0.88246 0.80641 0.73843
0.88153 0.80471 0.73608
0.8806 0.80302 0.73374
0.87967 0.80132 0.7314
0.87874 0.79963 0.72906
0.87781 0.79794 0.72672
0.87688 0.79625 0.72439
0.87595 0.79457 0.72206
0.87503 0.79288 0.71974
0.8741 0.7912 0.71742
0.87317 0.78951 0.7151
0.87224 0.78783 0.71279
0.87131 0.78615 0.71047
0.87038 0.78447 0.70817
0.86945 0.78279 0.70586
0.86852 0.78112 0.70356
0.8676 0.77944 0.70126
0.86667 0.77777 0.69897
0.86574 0.7761 0.69667
0.86481 0.77443 0.69439
0.86388 0.77276 0.6921
0.86295 0.77109 0.68982
0.86202 0.76943 0.68754
0.86109 0.76776 0.68527
0.86017 0.7661 0.68299
0.85924 0.76444 0.68073
0.85831 0.76278 0.67846
0.85738 0.76112 0.6762
0.85645 0.75946 0.67394
0.85552 0.7578 0.67169
0.85459 0.75615 0.66943
0.85366 0.75449 0.66719
0.85273 0.75284 0.66494
0.85181 0.75119 0.6627
0.85088 0.74954 0.66046
0.84995 0.7479 0.65822
0.84902 0.74625 0.65599
0.84809 0.74461 0.65376
0.84716 0.74296 0.65154
0.84623 0.74132 0.64932
0.8453 0.73968 0.6471
0.84438 0.73804 0.64488
0.84345 0.73641 0.64267
0.84252 0.73477 0.64046
0.84159 0.73314 0.63826
0.84066 0.7315 0.63606
0.83973 0.72987 0.63386
0.8388 0.72824 0.63166
0.83787 0.72661 0.62947
0.83695 0.72499 0.62728
0.83602 0.72336 0.62509
0.83509 0.72174 0.62291
0.83416 0.72011 0.62073
0.83323 0.71849 0.61856
0.8323 0.71687 0.61639
0.83137 0.71525 0.61422
0.83044 0.71364 0.61205
0.82951 0.71202 0.60989
0.82859 0.71041 0.60773
0.82766 0.7088 0.60558
0.82673 0.70719 0.60342
0.8258 0.70558 0.60127
0.82487 0.70397 0.59913
0.82394 0.70236 0.59699
0.82301 0.70076 0.59485
0.82208 0.69915 0.59271
0.82116 0.69755 0.59058
0.82023 0.69595 0.58845
0.8193 0.69435 0.58632
0.81837 0.69276 0.5842
0.81744 0.69116 0.58208
0.81651 0.68957 0.57997
0.81558 0.68797 0.57785
0.81465 0.68638 0.57575
0.81373 0.68479 0.57364
0.8128 0.6832 0.57154
0.81187 0.68162 0.56944
0.81094 0.68003 0.56734
0.81001 0.67845 0.56525
0.80908 0.67686 0.56316
0.80815 0.67528 0.56107
0.80722 0.6737 0.55899
0.8063 0.67212 0.55691
0.80537 0.67055 0.55484
0.80444 0.66897 0.55276
0.80351 0.6674 0.5507
0.80258 0.66583 0.54863
0.80165 0.66426 0.54657
0.80072 0.66269 0.54451
0.79979 0.66112 0.54245
0.79886 0.65956 0.5404
0.79794 0.65799 0.53835
0.79701 0.65643 0.5363
0.79608 0.65487 0.53426
0.79515 0.65331 0.53222
0.79422 0.65175 0.53018
0.79329 0.65019 0.52815
0.79236 0.64864 0.52612
0.79143 0.64708 0.5241
0.79051 0.64553 0.52207
0.78958 0.64398 0.52005
0.78865 0.64243 0.51804
0.78772 0.64088 0.51602
0.78679 0.63934 0.51402
0.78586 0.63779 0.51201
0.78493 0.63625 0.51001
0.784 0.63471 0.50801
0.78308 0.63317 0.50601
0.78215 0.63163 0.50402
0.78122 0.63009 0.50203
0.78029 0.62856 0.50004
0.77936 0.62702 0.49806
0.77843 0.62549 0.49608
0.77743 0.6237 0.49365
0.77644 0.62192 0.49123
0.77544 0.62014 0.48881
0.77444 0.61836 0.48639
0.77344 0.61658 0.48399
0.77245 0.61481 0.48158
0.77145 0.61304 0.47918
0.77045 0.61127 0.47679
0.76945 0.6095 0.47439
0.76846 0.60774 0.47201
0.76746 0.60597 0.46963
0.76646 0.60421 0.46725
0.76546 0.60246 0.46488
0.76447 0.6007 0.46251
0.76347 0.59895 0.46015
0.76247 0.5972 0.45779
0.76147 0.59545 0.45543
0.76047 0.5937 0.45308
0.75948 0.59196 0.45074
0.75848 0.59022 0.4484
0.75748 0.58848 0.44606
0.75648 0.58674 0.44373
0.75549 0.58501 0.44141
0.75449 0.58328 0.43908
0.75349 0.58155 0.43677
0.75249 0.57982 0.43445
0.7515 0.5781 0.43215
0.7505 0.57638 0.42984
0.7495 0.57466 0.42754
0.7485 0.57294 0.42525
0.74751 0.57123 0.42296
0.74651 0.56951 0.42068
0.74551 0.5678 0.4184
0.74451 0.56609 0.41612
0.74352 0.56439 0.41385
0.74252 0.56269 0.41158
0.74152 0.56099 0.40932
0.74052 0.55929 0.40706
0.73953 0.55759 0.40481
0.73853 0.5559 0.40256
0.73753 0.55421 0.40032
0.73653 0.55252 0.39808
0.73553 0.55083 0.39585
0.73454 0.54915 0.39362
0.73354 0.54747 0.39139
0.73254 0.54579 0.38917
0.73154 0.54411 0.38696
0.73055 0.54244 0.38475
0.72955 0.54077 0.38254
0.72855 0.5391 0.38034
0.72755 0.53743 0.37814
0.72656 0.53576 0.37595
0.72556 0.5341 0.37376
0.72456 0.53244 0.37158
0.72356 0.53078 0.3694
0.72257 0.52913 0.36722
0.72157 0.52748 0.36505
0.72057 0.52583 0.36289
0.71957 0.52418 0.36073
0.71858 0.52253 0.35857
0.71758 0.52089 0.35642
0.71658 0.51925 0.35428
0.71558 0.51761 0.35213
0.71459 0.51597 0.35
0.71359 0.51434 0.34787
0.71259 0.51271 0.34574
0.71159 0.51108 0.34361
0.7106 0.50945 0.3415
0.7096 0.50783 0.33938
0.7086 0.50621 0.33727
0.7076 0.50459 0.33517
0.7066 0.50297 0.33307
0.70561 0.50136 0.33097
0.70461 0.49975 0.32888
0.70361 0.49814 0.32679
0.70261 0.49653 0.32471
0.70162 0.49493 0.32263
0.70062 0.49332 0.32056
0.69962 0.49172 0.31849
0.69862 0.49013 0.31643
0.69763 0.48853 0.31437
0.69663 0.48694 0.31232
0.69563 0.48535 0.31027
0.69463 0.48376 0.30822
0.69364 0.48218 0.30618
0.69264 0.48059 0.30415
0.69164 0.47901 0.30212
0.69064 0.47743 0.30009
0.68965 0.47586 0.29807
0.68865 0.47429 0.29605
0.68765 0.47271 0.29404
0.68665 0.47115 0.29203
0.68566 0.46958 0.29003
0.68466 0.46802 0.28803
0.68366 0.46646 0.28603
0.68266 0.4649 0.28404
0.68166 0.46334 0.28206
0.68067 0.46179 0.28008
0.67967 0.46023 0.2781
0.67867 0.45869 0.27613
0.67767 0.45714 0.27416
0.67668 0.4556 0.2722
0.67568 0.45405 0.27025
0.67468 0.45251 0.26829
0.67368 0.45098 0.26634
0.67269 0.44944 0.2644
0.67169 0.44791 0.26246
0.67069 0.44638 0.26053
